   100.00   0.0000000000   0.0000000000   0.0000000000   0.0000000000
   101.60   0.0000000000   0.0000000000   0.0000000000   0.0000000000
   103.21   0.0000000000   0.0000000000   0.0000000000   0.0000000000
   104.81   0.0000000000   0.0000000000   0.0000000000   0.0000000000
   106.41   0.0000000000   0.0000000000   0.0000000000   0.0000000000
   108.02   0.0000000000   0.0000000000   0.0000000000   0.0000000000
   109.62   0.0000000000   0.0000000000   0.0000000000   0.0000000000
   111.22   0.0000000000   0.0000000000   0.0000000000   0.0000000000
   112.83   0.0000000000   0.0000000000   0.0000000000   0.0000000000
   114.43   0.0000000000   0.0000000000   0.0000000000   0.0000000000
   116.03   0.0000000000   0.0000000000   0.0000000000   0.0000000000
   117.64   0.0000000000   0.0000000000   0.0000000000   0.0000000000
   119.24   0.0000000000   0.0000000000   0.0000000000   0.0000000000
   120.84   0.0000000000   0.0000000000   0.0000000000   0.0000000000
   122.44   0.0000000000   0.0000000000   0.0000000000   0.0000000000
   124.05   0.0000000000   0.0000000000   0.0000000000   0.0000000000
   125.65   0.0000000000   0.0000000000   0.0000000000   0.0000000000
   127.25   0.0000000000   0.0000000000   0.0000000000   0.0000000000
   128.86   0.0000000000   0.0000000000   0.0000000000   0.0000000000
   130.46   0.0000000000   0.0000000000   0.0000000000   0.0000000000
   132.06   0.0000000000   0.0000000000   0.0000000000   0.0000000000
   133.67   0.0000000000   0.0000000000   0.0000000000   0.0000000000
   135.27   0.0000000000   0.0000000000   0.0000000000   0.0000000000
   136.87   0.0000000000   0.0000000000   0.0000000000   0.0000000000
   138.48   0.0000000000   0.0000000000   0.0000000000   0.0000000000
   140.08   0.0000000000   0.0000000000   0.0000000000   0.0000000000
   141.68   0.0000000000   0.0000000000   0.0000000000   0.0000000000
   143.29   0.0000000000   0.0000000000   0.0000000000   0.0000000000
   144.89   0.0000000000   0.0000000000   0.0000000000   0.0000000000
   146.49   0.0000000000   0.0000000000   0.0000000000   0.0000000000
   148.10   0.0000000000   0.0000000000   0.0000000000   0.0000000000
   149.70   0.0000000000   0.0000000000   0.0000000000   0.0000000000
   151.30   0.0000000000   0.0000000000   0.0000000000   0.0000000000
   152.91   0.0000000000   0.0000000000   0.0000000000   0.0000000000
   154.51   0.0000000000   0.0000000000   0.0000000000   0.0000000000
   156.11   0.0000000000   0.0000000000   0.0000000000   0.0000000000
   157.72   0.0000000000   0.0000000000   0.0000000000   0.0000000000
   159.32   0.0000000000   0.0000000000   0.0000000000   0.0000000000
   160.92   0.0000000000   0.0000000000   0.0000000000   0.0000000000
   162.53   0.0000000000   0.0000000000   0.0000000000   0.0000000000
   164.13   0.0000000000   0.0000000000   0.0000000000   0.0000000000
   165.73   0.0000000000   0.0000000000   0.0000000000   0.0000000000
   167.33   0.0000000000   0.0000000000   0.0000000000   0.0000000000
   168.94   0.0000000000   0.0000000000   0.0000000000   0.0000000000
   170.54   0.0000000000   0.0000000000   0.0000000000   0.0000000000
   172.14   0.0000000000   0.0000000000   0.0000000000   0.0000000000
   173.75   0.0000000000   0.0000000000   0.0000000000   0.0000000000
   175.35   0.0000000000   0.0000000000   0.0000000000   0.0000000000
   176.95   0.0000000000   0.0000000000   0.0000000000   0.0000000000
   178.56   0.0000000000   0.0000000000   0.0000000000   0.0000000000
   180.16   0.0000000000   0.0000000000   0.0000000000   0.0000000000
   181.76   0.0000000000   0.0000000000   0.0000000000   0.0000000000
   183.37   0.0000000000   0.0000000000   0.0000000000   0.0000000000
   184.97   0.0000000000   0.0000000000   0.0000000000   0.0000000000
   186.57   0.0000000000   0.0000000000   0.0000000000   0.0000000000
   188.18   0.0000000000   0.0000000000   0.0000000000   0.0000000000
   189.78   0.0000000000   0.0000000000   0.0000000000   0.0000000000
   191.38   0.0000000000   0.0000000000   0.0000000000   0.0000000000
   192.99   0.0000000000   0.0000000000   0.0000000000   0.0000000000
   194.59   0.0000000000   0.0000000000   0.0000000000   0.0000000000
   196.19   0.0000000000   0.0000000000   0.0000000000   0.0000000000
   197.80   0.0000000000   0.0000000000   0.0000000000   0.0000000000
   199.40   0.0000000000   0.0000000000   0.0000000000   0.0000000000
   201.00   0.0000000000   0.0000000000   0.0000000000   0.0000000000
   202.61   0.0000000000   0.0000000000   0.0000000000   0.0000000000
   204.21   0.0000000000   0.0000000000   0.0000000000   0.0000000000
   205.81   0.0000000000   0.0000000000   0.0000000000   0.0000000000
   207.41   0.0000000000   0.0000000000   0.0000000000   0.0000000000
   209.02   0.0000000000   0.0000000000   0.0000000000   0.0000000000
   210.62   0.0000000000   0.0000000000   0.0000000000   0.0000000000
   212.22   0.0000000000   0.0000000000   0.0000000000   0.0000000000
   213.83   0.0000000000   0.0000000000   0.0000000000   0.0000000000
   215.43   0.0000000000   0.0000000000   0.0000000000   0.0000000000
   217.03   0.0000000000   0.0000000000   0.0000000000   0.0000000000
   218.64   0.0000000000   0.0000000000   0.0000000000   0.0000000000
   220.24   0.0000000000   0.0000000000   0.0000000000   0.0000000000
   221.84   0.0000000000   0.0000000000   0.0000000000   0.0000000000
   223.45   0.0000000000   0.0000000000   0.0000000000   0.0000000000
   225.05   0.0000000000   0.0000000000   0.0000000000   0.0000000000
   226.65   0.0000000000   0.0000000000   0.0000000000   0.0000000000
   228.26   0.0000000000   0.0000000000   0.0000000000   0.0000000000
   229.86   0.0000342197   0.0000342197   0.0000000000   0.0000000000
   231.46   0.0000781968   0.0000781968   0.0000000000   0.0000000000
   233.07   0.0001801468   0.0001801467   0.0000000000   0.0000000000
   234.67   0.0003938382   0.0003938380   0.0000000000   0.0000000001
   236.27   0.0008416479   0.0008416477   0.0000000001   0.0000000002
   237.88   0.0017581892   0.0017581886   0.0000000002   0.0000000004
   239.48   0.0036175983   0.0036175968   0.0000000004   0.0000000010
   241.08   0.0072286577   0.0072286544   0.0000000009   0.0000000022
   242.69   0.0141215618   0.0141215549   0.0000000019   0.0000000046
   244.29   0.0269714981   0.0269714841   0.0000000038   0.0000000093
   245.89   0.0503657515   0.0503657235   0.0000000074   0.0000000185
   247.49   0.0919571218   0.0919570672   0.0000000141   0.0000000361
   249.10   0.1641604441   0.1641603398   0.0000000264   0.0000000690
   250.70   0.2865564599   0.2865562642   0.0000000483   0.0000001298
   252.30   0.4891135074   0.4891131482   0.0000000864   0.0000002387
   253.91   0.8163822000   0.8163815535   0.0000001514   0.0000004304
   255.51   1.3325482304   1.3325470897   0.0000002597   0.0000007611
   257.11   2.1271666777   2.1271647048   0.0000004361   0.0000013201
   258.72   3.3210523040   3.3210489578   0.0000007168   0.0000022460
   260.32   5.0714841662   5.0714786006   0.0000011539   0.0000037492
   261.92   7.5755229602   7.5755138810   0.0000018192   0.0000061409
   263.53  11.0699389807  11.0699244524   0.0000028098   0.0000098705
   265.13  15.8261990216  15.8261762157   0.0000042522   0.0000155710
   266.73  22.1385507209  22.1385155984   0.0000063067   0.0000241102
   268.34  30.3051236524  30.3050705805   0.0000091692   0.0000366466
   269.94  40.6008285395  40.6007498497   0.0000130707   0.0000546822
   271.54  53.2439452341  53.2438307423   0.0000182725   0.0000801061
   273.15  68.3587995674  68.3586360887   0.0000250563   0.0001152181
   274.75  85.9387222335  85.9384931436   0.0000337087   0.0001627187
   276.35 105.8145901042 105.8142750120   0.0000444991   0.0002256537
   277.96 127.6347250946 127.6342997051   0.0000576516   0.0003073013
   279.56 150.8614680982 150.8609043471   0.0000733122   0.0004109933
   281.16 174.7882640202 174.7875305562   0.0000915143   0.0005398709
   282.77 198.5785904384 198.5776535123   0.0001121435   0.0006965797
   284.37 221.3252319524 221.3240567343   0.0001349096   0.0008829261
   285.97 242.1249700555 242.1235223616   0.0001593270   0.0010995193
   287.58 260.1613484081 260.1595967648   0.0001847106   0.0013454386
   289.18 274.7863121440 274.7842300629   0.0002101902   0.0016179634
   290.78 285.5911902531 285.5887585493   0.0002347476   0.0019124096
   292.38 292.4584040214 292.4556129765   0.0002572733   0.0022221028
   293.99 295.5874587350 295.5843098992   0.0002766438   0.0025385122
   295.59 295.4916428281 295.4881502700   0.0002918107   0.0028515567
   297.19 292.9649832083 292.9611740733   0.0003018933   0.0031500573
   298.80 289.0219350543 289.0178493175   0.0003062652   0.0034223474
   300.40 284.8145853407 284.8102747408   0.0003046221   0.0036569625
   302.00 281.5338713074 281.5293974886   0.0002970229   0.0038433925
   303.61 280.3023855941 280.2978175632   0.0002838964   0.0039728196
   305.21 282.0670357793 282.0624468079   0.0002660140   0.0040388107
   306.81 287.5002772679 287.4957414351   0.0002444299   0.0040378811
   308.42 296.9188851640 296.9144737384   0.0002203979   0.0039698955
   310.02 310.2291034326 310.2248813018   0.0001952752   0.0038382638
   311.62 326.9061625356 326.9021848827   0.0001704264   0.0036499116
   313.23 346.0141829769 346.0104923725   0.0001471383   0.0034150320
   314.83 366.2690972946 366.2657213226   0.0001265550   0.0031466547
   316.43 386.1424569327 386.1394064023   0.0001096367   0.0028600973
   318.04 403.9983154442 403.9955831543   0.0000971456   0.0025723908
   319.64 418.2497135215 418.2472734561   0.0000896543   0.0023017806
   321.24 427.5168081364 427.5146148926   0.0000875718   0.0020673991
   322.85 430.7666722093 430.7646603958   0.0000911861   0.0018891856
   324.45 427.4158912051 427.4139745527   0.0001007134   0.0017880704
   326.05 417.3817448550 417.3798148232   0.0001163536   0.0017863836
   327.66 401.0751393523 401.0730631415   0.0001383483   0.0019083728
   329.26 379.3373684550 379.3349865234   0.0001670374   0.0021806418
   330.86 353.3314205956 353.3285440203   0.0002029106   0.0026322703
   332.46 324.4051789929 324.4015872788   0.0002466464   0.0032943534
   334.07 293.9471798015 293.9426199827   0.0002991279   0.0041987237
   335.67 263.2550670573 263.2492550966   0.0003614263   0.0053756990
   337.27 233.4328581565 233.4254836800   0.0004347391   0.0068508297
   338.88 205.3267040512 205.3174393002   0.0005202792   0.0086408021
   340.48 179.5015038631 179.4900173917   0.0006191099   0.0107488493
   342.08 156.2540916384 156.2400667155   0.0007319453   0.0131602241
   343.69 135.6538719311 135.6370289057   0.0008589303   0.0158384187
   345.29 117.5994574791 117.5795785851   0.0009994385   0.0187228775
   346.89 101.8799432670 101.8568976351   0.0011519266   0.0217288850
   348.50  88.2314616794  88.2052278047   0.0013138848   0.0247501076
   350.10  76.3827482470  76.3534309738   0.0014819124   0.0276639595
   351.70  66.0868432708  66.0546825802   0.0016519335   0.0303395567
   353.31  57.1386895569  57.1040591110   0.0018195381   0.0326476084
   354.91  49.3808334018  49.3442278572   0.0019804113   0.0344712265
   356.51  42.6999826920  42.6619941189   0.0021307871   0.0357163894
   358.12  37.0177811615  36.9790662987   0.0022678518   0.0363207396
   359.72  32.2787356848  32.2399770080   0.0023900185   0.0362595370
   361.32  28.4374247204  28.3992891865   0.0024970168   0.0355479366
   362.93  25.4470005060  25.4101001942   0.0025897714   0.0342392525
   364.53  23.2498743384  23.2147329739   0.0026700861   0.0324194218
   366.13  21.7714600979  21.7384886276   0.0027401945   0.0301984239
   367.74  20.9173699411  20.8868530848   0.0028022697   0.0276998089
   369.34  20.5741844119  20.5462786344   0.0028579978   0.0250497100
   370.94  20.6135936919  20.5883355864   0.0029083111   0.0223667023
   372.55  20.8994016021  20.8767244866   0.0029533371   0.0197536431
   374.15  21.2963754462  21.2761312358   0.0029925687   0.0172922279
   375.75  21.6799158366  21.6618990376   0.0030252045   0.0150405345
   377.35  21.9450501269  21.9290211065   0.0030505574   0.0130333420
   378.96  22.0135109892  21.9992163687   0.0030684130   0.0112846535
   380.56  21.8378426247  21.8250315506   0.0030792220   0.0097916261
   382.16  21.4019490307  21.3903849878   0.0030840549   0.0085390682
   383.77  20.7180323347  20.7075009063   0.0030843073   0.0075037752
   385.37  19.8207675251  19.8110809543   0.0030812123   0.0066581973
   386.97  18.7590050555  18.7500045908   0.0030752765   0.0059731952
   388.58  17.5874544940  17.5790113584   0.0030657846   0.0054198865
   390.18  16.3587101536  16.3507256607   0.0030505129   0.0049707596
   391.78  15.1171781915  15.1095831717   0.0030257530   0.0046003182
   393.39  13.8954876738  13.8882410945   0.0029866758   0.0042855084
   394.99  12.7135514013  12.7066379279   0.0029279931   0.0040061069
   396.59  11.5799521078  11.5733783985   0.0028448021   0.0037451431
   398.20  10.4949604923  10.4887502014   0.0027334552   0.0034893240
   399.80   9.4542997745   9.4484875031   0.0025922921   0.0032293668
   401.40   8.4528276233   8.4474523041   0.0024220943   0.0029601215
   403.01   7.4873436160   7.4824419924   0.0022261819   0.0026803938
   404.61   6.5582795166   6.5538804133   0.0020101411   0.0023924376
   406.21   5.6700512664   5.6661712546   0.0017812409   0.0021011548
   407.82   4.8303225848   4.8269634350   0.0015476470   0.0018131011
   409.42   4.0485462033   4.0456942483   0.0013175686   0.0015354338
   411.02   3.3341960115   3.3318232715   0.0010984714   0.0012749395
   412.63   2.6951377324   2.6932044295   0.0008964625   0.0010372605
   414.23   2.1364029648   2.1348609224   0.0007159094   0.0008263901
   415.83   1.6595383237   1.6583347084   0.0005593118   0.0006444574
   417.43   1.2625454553   1.2616263641   0.0004273985   0.0004917826
   419.04   0.9403028005   0.9396163352   0.0003193949   0.0003671217
   420.64   0.6853263781   0.6848249612   0.0002333929   0.0002680527
   422.24   0.4886726243   0.4883144911   0.0001667524   0.0001913965
   423.85   0.3408300880   0.3405799839   0.0001164801   0.0001336324
   425.45   0.2324805298   0.2323097670   0.0000795431   0.0000912240
   427.05   0.1550635197   0.1549495373   0.0000531016   0.0000608831
   428.66   0.1011265804   0.1010522036   0.0000346540   0.0000397240
   430.26   0.0644794916   0.0644320480   0.0000221069   0.0000253373
   431.86   0.0401933254   0.0401637420   0.0000137856   0.0000157981
   433.47   0.0244930873   0.0244750554   0.0000084031   0.0000096289
   435.07   0.0145906957   0.0145799521   0.0000050068   0.0000057368
   436.67   0.0084965057   0.0084902486   0.0000029160   0.0000033411
   438.28   0.0048364665   0.0048329044   0.0000016601   0.0000019020
   439.88   0.0026897777   0.0026877960   0.0000009236   0.0000010581
   441.48   0.0014631359   0.0014620579   0.0000005024   0.0000005755
   443.09   0.0007779456   0.0007773724   0.0000002671   0.0000003060
   444.69   0.0004043059   0.0004040080   0.0000001388   0.0000001590
   446.29   0.0002053843   0.0002052330   0.0000000705   0.0000000808
   447.90   0.0001019813   0.0001019062   0.0000000350   0.0000000401
   449.50   0.0000494961   0.0000494596   0.0000000170   0.0000000195
   451.10   0.0000234811   0.0000234638   0.0000000081   0.0000000092
   452.71   0.0000108884   0.0000108804   0.0000000037   0.0000000043
   454.31   0.0000049354   0.0000049318   0.0000000017   0.0000000019
   455.91   0.0000021869   0.0000021853   0.0000000008   0.0000000009
   457.52   0.0000009477   0.0000009470   0.0000000003   0.0000000004
   459.12   0.0000000014   0.0000000014   0.0000000000   0.0000000000
   460.72   0.0000000023   0.0000000023   0.0000000000   0.0000000000
   462.32   0.0000000037   0.0000000037   0.0000000000   0.0000000000
   463.93   0.0000000057   0.0000000057   0.0000000000   0.0000000000
   465.53   0.0000000086   0.0000000086   0.0000000000   0.0000000000
   467.13   0.0000000128   0.0000000128   0.0000000000   0.0000000000
   468.74   0.0000000186   0.0000000186   0.0000000000   0.0000000000
   470.34   0.0000000263   0.0000000263   0.0000000000   0.0000000000
   471.94   0.0000000365   0.0000000365   0.0000000000   0.0000000000
   473.55   0.0000000494   0.0000000493   0.0000000000   0.0000000000
   475.15   0.0000000654   0.0000000653   0.0000000000   0.0000000000
   476.75   0.0000000845   0.0000000845   0.0000000000   0.0000000001
   478.36   0.0000001069   0.0000001068   0.0000000000   0.0000000001
   479.96   0.0000001321   0.0000001320   0.0000000000   0.0000000001
   481.56   0.0000001596   0.0000001594   0.0000000000   0.0000000001
   483.17   0.0000001884   0.0000001883   0.0000000000   0.0000000001
   484.77   0.0000002174   0.0000002173   0.0000000000   0.0000000002
   486.37   0.0000002453   0.0000002451   0.0000000000   0.0000000002
   487.98   0.0000002705   0.0000002703   0.0000000000   0.0000000002
   489.58   0.0000002915   0.0000002913   0.0000000000   0.0000000002
   491.18   0.0000003071   0.0000003069   0.0000000000   0.0000000002
   492.79   0.0000003162   0.0000003160   0.0000000000   0.0000000002
   494.39   0.0000003183   0.0000003181   0.0000000000   0.0000000002
   495.99   0.0000003131   0.0000003129   0.0000000000   0.0000000002
   497.60   0.0000003011   0.0000003009   0.0000000000   0.0000000002
   499.20   0.0000002831   0.0000002829   0.0000000000   0.0000000002
   500.80   0.0000002601   0.0000002599   0.0000000000   0.0000000002
   502.40   0.0000002336   0.0000002334   0.0000000000   0.0000000002
   504.01   0.0000002050   0.0000002049   0.0000000000   0.0000000001
   505.61   0.0000001759   0.0000001758   0.0000000000   0.0000000001
   507.21   0.0000001475   0.0000001474   0.0000000000   0.0000000001
   508.82   0.0000001209   0.0000001209   0.0000000000   0.0000000001
   510.42   0.0000000969   0.0000000968   0.0000000000   0.0000000001
   512.02   0.0000000759   0.0000000759   0.0000000000   0.0000000001
   513.63   0.0000000581   0.0000000581   0.0000000000   0.0000000000
   515.23   0.0000000435   0.0000000435   0.0000000000   0.0000000000
   516.83   0.0000000318   0.0000000318   0.0000000000   0.0000000000
   518.44   0.0000000227   0.0000000227   0.0000000000   0.0000000000
   520.04   0.0000000159   0.0000000159   0.0000000000   0.0000000000
   521.64   0.0000000109   0.0000000108   0.0000000000   0.0000000000
   523.25   0.0000000072   0.0000000072   0.0000000000   0.0000000000
   524.85   0.0000000047   0.0000000047   0.0000000000   0.0000000000
   526.45   0.0000000030   0.0000000030   0.0000000000   0.0000000000
   528.06   0.0000000019   0.0000000019   0.0000000000   0.0000000000
   529.66   0.0000000011   0.0000000011   0.0000000000   0.0000000000
   531.26   0.0000000007   0.0000000007   0.0000000000   0.0000000000
   532.87   0.0000000004   0.0000000004   0.0000000000   0.0000000000
   534.47   0.0000000002   0.0000000002   0.0000000000   0.0000000000
   536.07   0.0000000001   0.0000000001   0.0000000000   0.0000000000
   537.68   0.0000000001   0.0000000001   0.0000000000   0.0000000000
   539.28   0.0000000000   0.0000000000   0.0000000000   0.0000000000
   540.88   0.0000000000   0.0000000000   0.0000000000   0.0000000000
   542.48   0.0000000000   0.0000000000   0.0000000000   0.0000000000
   544.09   0.0000000000   0.0000000000   0.0000000000   0.0000000000
   545.69   0.0000000000   0.0000000000   0.0000000000   0.0000000000
   547.29   0.0000000000   0.0000000000   0.0000000000   0.0000000000
   548.90   0.0000000000   0.0000000000   0.0000000000   0.0000000000
   550.50   0.0000000000   0.0000000000   0.0000000000   0.0000000000
   552.10   0.0000000000   0.0000000000   0.0000000000   0.0000000000
   553.71   0.0000000000   0.0000000000   0.0000000000   0.0000000000
   555.31   0.0000000000   0.0000000000   0.0000000000   0.0000000000
   556.91   0.0000000000   0.0000000000   0.0000000000   0.0000000000
   558.52   0.0000000000   0.0000000000   0.0000000000   0.0000000000
   560.12   0.0000000000   0.0000000000   0.0000000000   0.0000000000
   561.72   0.0000000000   0.0000000000   0.0000000000   0.0000000000
   563.33   0.0000000000   0.0000000000   0.0000000000   0.0000000000
   564.93   0.0000000000   0.0000000000   0.0000000000   0.0000000000
   566.53   0.0000000000   0.0000000000   0.0000000000   0.0000000000
   568.14   0.0000000000   0.0000000000   0.0000000000   0.0000000000
   569.74   0.0000000000   0.0000000000   0.0000000000   0.0000000000
   571.34   0.0000000000   0.0000000000   0.0000000000   0.0000000000
   572.95   0.0000000000   0.0000000000   0.0000000000   0.0000000000
   574.55   0.0000000000   0.0000000000   0.0000000000   0.0000000000
   576.15   0.0000000000   0.0000000000   0.0000000000   0.0000000000
   577.76   0.0000000000   0.0000000000   0.0000000000   0.0000000000
   579.36   0.0000000000   0.0000000000   0.0000000000   0.0000000000
   580.96   0.0000000000   0.0000000000   0.0000000000   0.0000000000
   582.57   0.0000000000   0.0000000000   0.0000000000   0.0000000000
   584.17   0.0000000000   0.0000000000   0.0000000000   0.0000000000
   585.77   0.0000000000   0.0000000000   0.0000000000   0.0000000000
   587.37   0.0000000000   0.0000000000   0.0000000000   0.0000000000
   588.98   0.0000000000   0.0000000000   0.0000000000   0.0000000000
   590.58   0.0000000000   0.0000000000   0.0000000000   0.0000000000
   592.18   0.0000000000   0.0000000000   0.0000000000   0.0000000000
   593.79   0.0000000000   0.0000000000   0.0000000000   0.0000000000
   595.39   0.0000000000   0.0000000000   0.0000000000   0.0000000000
   596.99   0.0000000000   0.0000000000   0.0000000000   0.0000000000
   598.60   0.0000000000   0.0000000000   0.0000000000   0.0000000000
   600.20   0.0000000000   0.0000000000   0.0000000000   0.0000000000
   601.80   0.0000000000   0.0000000000   0.0000000000   0.0000000000
   603.41   0.0000000000   0.0000000000   0.0000000000   0.0000000000
   605.01   0.0000000000   0.0000000000   0.0000000000   0.0000000000
   606.61   0.0000000000   0.0000000000   0.0000000000   0.0000000000
   608.22   0.0000000000   0.0000000000   0.0000000000   0.0000000000
   609.82   0.0000000000   0.0000000000   0.0000000000   0.0000000000
   611.42   0.0000000000   0.0000000000   0.0000000000   0.0000000000
   613.03   0.0000000000   0.0000000000   0.0000000000   0.0000000000
   614.63   0.0000000000   0.0000000000   0.0000000000   0.0000000000
   616.23   0.0000000000   0.0000000000   0.0000000000   0.0000000000
   617.84   0.0000000000   0.0000000000   0.0000000000   0.0000000000
   619.44   0.0000000000   0.0000000000   0.0000000000   0.0000000000
   621.04   0.0000000000   0.0000000000   0.0000000000   0.0000000000
   622.65   0.0000000000   0.0000000000   0.0000000000   0.0000000000
   624.25   0.0000000000   0.0000000000   0.0000000000   0.0000000000
   625.85   0.0000000000   0.0000000000   0.0000000000   0.0000000000
   627.45   0.0000000000   0.0000000000   0.0000000000   0.0000000000
   629.06   0.0000000000   0.0000000000   0.0000000000   0.0000000000
   630.66   0.0000000000   0.0000000000   0.0000000000   0.0000000000
   632.26   0.0000000000   0.0000000000   0.0000000000   0.0000000000
   633.87   0.0000000000   0.0000000000   0.0000000000   0.0000000000
   635.47   0.0000000000   0.0000000000   0.0000000000   0.0000000000
   637.07   0.0000000000   0.0000000000   0.0000000000   0.0000000000
   638.68   0.0000000000   0.0000000000   0.0000000000   0.0000000000
   640.28   0.0000000000   0.0000000000   0.0000000000   0.0000000000
   641.88   0.0000000000   0.0000000000   0.0000000000   0.0000000000
   643.49   0.0000000000   0.0000000000   0.0000000000   0.0000000000
   645.09   0.0000000000   0.0000000000   0.0000000000   0.0000000000
   646.69   0.0000000000   0.0000000000   0.0000000000   0.0000000000
   648.30   0.0000000000   0.0000000000   0.0000000000   0.0000000000
   649.90   0.0000000000   0.0000000000   0.0000000000   0.0000000000
   651.50   0.0000000000   0.0000000000   0.0000000000   0.0000000000
   653.11   0.0000000000   0.0000000000   0.0000000000   0.0000000000
   654.71   0.0000000000   0.0000000000   0.0000000000   0.0000000000
   656.31   0.0000000000   0.0000000000   0.0000000000   0.0000000000
   657.92   0.0000000000   0.0000000000   0.0000000000   0.0000000000
   659.52   0.0000000000   0.0000000000   0.0000000000   0.0000000000
   661.12   0.0000000000   0.0000000000   0.0000000000   0.0000000000
   662.73   0.0000000000   0.0000000000   0.0000000000   0.0000000000
   664.33   0.0000000000   0.0000000000   0.0000000000   0.0000000000
   665.93   0.0000000000   0.0000000000   0.0000000000   0.0000000000
   667.54   0.0000000000   0.0000000000   0.0000000000   0.0000000000
   669.14   0.0000000000   0.0000000000   0.0000000000   0.0000000000
   670.74   0.0000000000   0.0000000000   0.0000000000   0.0000000000
   672.34   0.0000000000   0.0000000000   0.0000000000   0.0000000000
   673.95   0.0000000000   0.0000000000   0.0000000000   0.0000000000
   675.55   0.0000000000   0.0000000000   0.0000000000   0.0000000000
   677.15   0.0000000000   0.0000000000   0.0000000000   0.0000000000
   678.76   0.0000000000   0.0000000000   0.0000000000   0.0000000000
   680.36   0.0000000000   0.0000000000   0.0000000000   0.0000000000
   681.96   0.0000000000   0.0000000000   0.0000000000   0.0000000000
   683.57   0.0000000000   0.0000000000   0.0000000000   0.0000000000
   685.17   0.0000000000   0.0000000000   0.0000000000   0.0000000000
   686.77   0.0000000000   0.0000000000   0.0000000000   0.0000000000
   688.38   0.0000000000   0.0000000000   0.0000000000   0.0000000000
   689.98   0.0000000000   0.0000000000   0.0000000000   0.0000000000
   691.58   0.0000000000   0.0000000000   0.0000000000   0.0000000000
   693.19   0.0000000000   0.0000000000   0.0000000000   0.0000000000
   694.79   0.0000000000   0.0000000000   0.0000000000   0.0000000000
   696.39   0.0000000000   0.0000000000   0.0000000000   0.0000000000
   698.00   0.0000000000   0.0000000000   0.0000000000   0.0000000000
   699.60   0.0000000000   0.0000000000   0.0000000000   0.0000000000
   701.20   0.0000000000   0.0000000000   0.0000000000   0.0000000000
   702.81   0.0000000000   0.0000000000   0.0000000000   0.0000000000
   704.41   0.0000000000   0.0000000000   0.0000000000   0.0000000000
   706.01   0.0000000000   0.0000000000   0.0000000000   0.0000000000
   707.62   0.0000000000   0.0000000000   0.0000000000   0.0000000000
   709.22   0.0000000000   0.0000000000   0.0000000000   0.0000000000
   710.82   0.0000000000   0.0000000000   0.0000000000   0.0000000000
   712.42   0.0000000000   0.0000000000   0.0000000000   0.0000000000
   714.03   0.0000000000   0.0000000000   0.0000000000   0.0000000000
   715.63   0.0000000000   0.0000000000   0.0000000000   0.0000000000
   717.23   0.0000000000   0.0000000000   0.0000000000   0.0000000000
   718.84   0.0000000000   0.0000000000   0.0000000000   0.0000000000
   720.44   0.0000000000   0.0000000000   0.0000000000   0.0000000000
   722.04   0.0000000000   0.0000000000   0.0000000000   0.0000000000
   723.65   0.0000000000   0.0000000000   0.0000000000   0.0000000000
   725.25   0.0000000000   0.0000000000   0.0000000000   0.0000000000
   726.85   0.0000000000   0.0000000000   0.0000000000   0.0000000000
   728.46   0.0000000000   0.0000000000   0.0000000000   0.0000000000
   730.06   0.0000000000   0.0000000000   0.0000000000   0.0000000000
   731.66   0.0000000000   0.0000000000   0.0000000000   0.0000000000
   733.27   0.0000000000   0.0000000000   0.0000000000   0.0000000000
   734.87   0.0000000000   0.0000000000   0.0000000000   0.0000000000
   736.47   0.0000000000   0.0000000000   0.0000000000   0.0000000000
   738.08   0.0000000000   0.0000000000   0.0000000000   0.0000000000
   739.68   0.0000000000   0.0000000000   0.0000000000   0.0000000000
   741.28   0.0000000000   0.0000000000   0.0000000000   0.0000000000
   742.89   0.0000000000   0.0000000000   0.0000000000   0.0000000000
   744.49   0.0000000000   0.0000000000   0.0000000000   0.0000000000
   746.09   0.0000000000   0.0000000000   0.0000000000   0.0000000000
   747.70   0.0000000000   0.0000000000   0.0000000000   0.0000000000
   749.30   0.0000000000   0.0000000000   0.0000000000   0.0000000000
   750.90   0.0000000000   0.0000000000   0.0000000000   0.0000000000
   752.51   0.0000000000   0.0000000000   0.0000000000   0.0000000000
   754.11   0.0000000000   0.0000000000   0.0000000000   0.0000000000
   755.71   0.0000000000   0.0000000000   0.0000000000   0.0000000000
   757.31   0.0000000000   0.0000000000   0.0000000000   0.0000000000
   758.92   0.0000000000   0.0000000000   0.0000000000   0.0000000000
   760.52   0.0000000000   0.0000000000   0.0000000000   0.0000000000
   762.12   0.0000000000   0.0000000000   0.0000000000   0.0000000000
   763.73   0.0000000000   0.0000000000   0.0000000000   0.0000000000
   765.33   0.0000000000   0.0000000000   0.0000000000   0.0000000000
   766.93   0.0000000000   0.0000000000   0.0000000000   0.0000000000
   768.54   0.0000000000   0.0000000000   0.0000000000   0.0000000000
   770.14   0.0000000000   0.0000000000   0.0000000000   0.0000000000
   771.74   0.0000000000   0.0000000000   0.0000000000   0.0000000000
   773.35   0.0000000000   0.0000000000   0.0000000000   0.0000000000
   774.95   0.0000000000   0.0000000000   0.0000000000   0.0000000000
   776.55   0.0000000000   0.0000000000   0.0000000000   0.0000000000
   778.16   0.0000000000   0.0000000000   0.0000000000   0.0000000000
   779.76   0.0000000000   0.0000000000   0.0000000000   0.0000000000
   781.36   0.0000000000   0.0000000000   0.0000000000   0.0000000000
   782.97   0.0000000000   0.0000000000   0.0000000000   0.0000000000
   784.57   0.0000000000   0.0000000000   0.0000000000   0.0000000000
   786.17   0.0000000000   0.0000000000   0.0000000000   0.0000000000
   787.78   0.0000000000   0.0000000000   0.0000000000   0.0000000000
   789.38   0.0000000000   0.0000000000   0.0000000000   0.0000000000
   790.98   0.0000000000   0.0000000000   0.0000000000   0.0000000000
   792.59   0.0000000000   0.0000000000   0.0000000000   0.0000000000
   794.19   0.0000000000   0.0000000000   0.0000000000   0.0000000000
   795.79   0.0000000000   0.0000000000   0.0000000000   0.0000000000
   797.39   0.0000000000   0.0000000000   0.0000000000   0.0000000000
   799.00   0.0000000000   0.0000000000   0.0000000000   0.0000000000
   800.60   0.0000000000   0.0000000000   0.0000000000   0.0000000000
   802.20   0.0000000000   0.0000000000   0.0000000000   0.0000000000
   803.81   0.0000000000   0.0000000000   0.0000000000   0.0000000000
   805.41   0.0000000000   0.0000000000   0.0000000000   0.0000000000
   807.01   0.0000000000   0.0000000000   0.0000000000   0.0000000000
   808.62   0.0000000000   0.0000000000   0.0000000000   0.0000000000
   810.22   0.0000000000   0.0000000000   0.0000000000   0.0000000000
   811.82   0.0000000000   0.0000000000   0.0000000000   0.0000000000
   813.43   0.0000000000   0.0000000000   0.0000000000   0.0000000000
   815.03   0.0000000000   0.0000000000   0.0000000000   0.0000000000
   816.63   0.0000000000   0.0000000000   0.0000000000   0.0000000000
   818.24   0.0000000000   0.0000000000   0.0000000000   0.0000000000
   819.84   0.0000000000   0.0000000000   0.0000000000   0.0000000000
   821.44   0.0000000000   0.0000000000   0.0000000000   0.0000000000
   823.05   0.0000000000   0.0000000000   0.0000000000   0.0000000000
   824.65   0.0000000000   0.0000000000   0.0000000000   0.0000000000
   826.25   0.0000000000   0.0000000000   0.0000000000   0.0000000000
   827.86   0.0000000000   0.0000000000   0.0000000000   0.0000000000
   829.46   0.0000000000   0.0000000000   0.0000000000   0.0000000000
   831.06   0.0000000000   0.0000000000   0.0000000000   0.0000000000
   832.67   0.0000000000   0.0000000000   0.0000000000   0.0000000000
   834.27   0.0000000000   0.0000000000   0.0000000000   0.0000000000
   835.87   0.0000000000   0.0000000000   0.0000000000   0.0000000000
   837.47   0.0000000000   0.0000000000   0.0000000000   0.0000000000
   839.08   0.0000000000   0.0000000000   0.0000000000   0.0000000000
   840.68   0.0000000000   0.0000000000   0.0000000000   0.0000000000
   842.28   0.0000000000   0.0000000000   0.0000000000   0.0000000000
   843.89   0.0000000000   0.0000000000   0.0000000000   0.0000000000
   845.49   0.0000000000   0.0000000000   0.0000000000   0.0000000000
   847.09   0.0000000000   0.0000000000   0.0000000000   0.0000000000
   848.70   0.0000000000   0.0000000000   0.0000000000   0.0000000000
   850.30   0.0000000000   0.0000000000   0.0000000000   0.0000000000
   851.90   0.0000000000   0.0000000000   0.0000000000   0.0000000000
   853.51   0.0000000000   0.0000000000   0.0000000000   0.0000000000
   855.11   0.0000000000   0.0000000000   0.0000000000   0.0000000000
   856.71   0.0000000000   0.0000000000   0.0000000000   0.0000000000
   858.32   0.0000000000   0.0000000000   0.0000000000   0.0000000000
   859.92   0.0000000000   0.0000000000   0.0000000000   0.0000000000
   861.52   0.0000000000   0.0000000000   0.0000000000   0.0000000000
   863.13   0.0000000000   0.0000000000   0.0000000000   0.0000000000
   864.73   0.0000000000   0.0000000000   0.0000000000   0.0000000000
   866.33   0.0000000000   0.0000000000   0.0000000000   0.0000000000
   867.94   0.0000000000   0.0000000000   0.0000000000   0.0000000000
   869.54   0.0000000000   0.0000000000   0.0000000000   0.0000000000
   871.14   0.0000000000   0.0000000000   0.0000000000   0.0000000000
   872.75   0.0000000000   0.0000000000   0.0000000000   0.0000000000
   874.35   0.0000000000   0.0000000000   0.0000000000   0.0000000000
   875.95   0.0000000000   0.0000000000   0.0000000000   0.0000000000
   877.56   0.0000000000   0.0000000000   0.0000000000   0.0000000000
   879.16   0.0000000000   0.0000000000   0.0000000000   0.0000000000
   880.76   0.0000000000   0.0000000000   0.0000000000   0.0000000000
   882.36   0.0000000000   0.0000000000   0.0000000000   0.0000000000
   883.97   0.0000000000   0.0000000000   0.0000000000   0.0000000000
   885.57   0.0000000000   0.0000000000   0.0000000000   0.0000000000
   887.17   0.0000000000   0.0000000000   0.0000000000   0.0000000000
   888.78   0.0000000000   0.0000000000   0.0000000000   0.0000000000
   890.38   0.0000000000   0.0000000000   0.0000000000   0.0000000000
   891.98   0.0000000000   0.0000000000   0.0000000000   0.0000000000
   893.59   0.0000000000   0.0000000000   0.0000000000   0.0000000000
   895.19   0.0000000000   0.0000000000   0.0000000000   0.0000000000
   896.79   0.0000000000   0.0000000000   0.0000000000   0.0000000000
   898.40   0.0000000000   0.0000000000   0.0000000000   0.0000000000
   900.00   0.0000000000   0.0000000000   0.0000000000   0.0000000000
